208,206,205
210,208,207
208,206,205
208,206,205
210,208,207
208,206,205
208,206,205
210,208,207
208,206,205
208,206,205
210,208,207
208,206,205
208,206,205
210,208,207
208,206,205
208,206,205
210,208,207
208,206,205
208,206,205
210,208,207
208,206,205
208,206,205
210,208,207
208,206,205
208,206,205
210,208,207
208,206,205
208,206,205
210,208,207
208,206,205
207,205,204
210,208,207
208,206,205
207,205,204
210,208,207
208,206,205
207,205,204
210,208,207
208,206,205
207,205,204
210,208,207
208,206,205
207,205,204
209,207,206
208,206,205
